34 12
18 18 18 18 18 18 18 18 18 18 18 18 18 18 18 18 18 18 18 18 18 18 18 18 18 18 18 18 18 18 18 18 18 18
18 18 18 18 18 18 18 18 18 18 35 18 18 18 18 18 18 18 18 18 18 18 18 18 18 18 18 18 18 18 18 18 18 18
18 35 18 18 18 35 18 18 18 18 18 18 18 35 18 18 18 18 18 18 18 18 18 18 18 18 18 18 18 18 18 18 18 18
18 18 18 18 18 18 18 18 35 18 18 18 18 18 18 18 18 18 35 18 18 18 18 18 18 18 18 18 18 18 18 18 18 18
18 18 18 34 18 18 18 18 18 18 18 18 18 18 18 18 18 18 18 18 18 18 18 18 18 18 18 18 18 18 18 18 18 18
18 18 18 18 18 22 23 18 18 18 18 34 18 18 22 23 18 18 18 18 18 18 18 18 18 18 18 18 18 18 18 18 18 18
18 18 35 18 18 18 18 18 18 18 18 29 18 18 18 18 18 18 18 18 29 18 18 18 18 18 18 18 18 18 18 18 18 18
18 22 23 18 29 18 35 18 18 29 18 18 18 34 18 29 18 18 35 18 18 18 18 18 18 29 18 18 18 18 18 18 18 18
18 18 18 18 18 57 18 18 56 18 18 57 18 18 18 18 18 18 18 18 18 18 18 18 18 18 18 18 18 18 18 18 18 18
18 18 18 31 18 60 32 31 61 31 33 60 18 18 30 18 18 18 18 18 18 30 33 31 32 18 18 18 31 32 30 18 18 18
18 18 18 24 25 26 26 26 26 25 27 27 27 27 28 18 18 18 18 27 25 25 25 25 25 26 26 26 26 25 28 29 29 29
19 19 19 19 19 19 19 19 19 19 19 19 19 19 19 19 19 19 19 19 19 19 19 19 19 19 19 19 19 19 19 19 19 19