34 12
66 66 66 66 66 66 66 66 66 66 66 66 66 66 66 66 66 66 66 66 66 66 66 66 66 66 66 66 66 66 66 66 66 66
66 66 66 66 66 66 66 66 66 66 66 66 66 66 66 66 66 66 66 66 66 66 66 66 66 66 66 66 66 66 66 66 66 66
66 66 66 66 66 66 66 64 65 66 66 66 66 66 66 66 66 66 66 66 66 66 66 66 66 66 66 66 66 66 66 66 66 66
66 66 66 66 66 66 66 66 66 66 66 66 66 66 66 66 66 66 66 66 66 66 66 66 66 66 66 66 66 66 66 66 66 66
66 66 66 66 66 66 66 66 66 66 66 66 66 66 66 66 66 66 66 66 66 66 66 66 66 66 66 66 66 66 66 66 66 66
66 66 66 64 65 75 66 66 58 59 66 66 78 79 66 66 66 66 66 66 66 66 66 66 66 66 66 66 66 66 66 66 66 66
66 66 66 66 66 66 66 66 66 66 66 66 66 66 66 66 66 66 66 66 66 66 66 66 66 66 66 66 66 66 66 66 66 66
66 66 66 66 75 66 66 66 66 66 75 66 64 65 66 66 66 66 66 66 66 66 66 66 66 66 66 66 66 66 66 66 66 66
66 66 66 66 66 66 78 79 66 66 66 66 66 66 66 66 66 66 66 66 66 66 66 66 66 66 66 66 66 66 66 66 66 66
58 59 76 66 66 66 66 66 66 66 66 66 66 66 70 58 59 66 66 66 66 66 66 66 66 66 66 66 66 66 66 66 66 66
66 66 66 72 73 73 73 73 73 73 73 73 73 74 66 66 66 66 66 66 66 66 66 66 66 66 66 66 66 66 66 66 66 66
69 67 69 67 69 69 67 68 68 67 68 67 69 67 69 67 68 68 68 67 68 69 67 67 67 68 67 67 67 67 67 67 67 67