34 12
80 80 80 80 80 94 95 80 80 80 80 80 80 80 80 80 80 80 80 80 80 80 80 0 0 0 0 0 0 0 0 0 0 0
80 80 80 80 80 80 80 80 80 80 80 80 80 80 80 80 80 80 80 80 80 80 80 80 0 0 0 0 0 0 0 0 0 0
80 80 80 80 80 80 80 80 80 80 80 80 80 80 80 80 80 80 80 80 80 80 80 80 0 0 0 0 0 0 0 0 0 0
94 95 80 80 80 80 80 80 80 80 80 94 95 80 80 80 80 80 94 95 80 80 80 80 0 0 0 0 0 0 0 0 0 0
80 80 80 80 90 91 80 80 80 80 90 91 80 80 80 80 80 80 80 80 80 80 80 80 0 0 0 0 0 0 0 0 0 0
80 80 80 80 80 80 80 90 91 80 80 80 80 80 80 80 80 80 80 80 80 80 80 80 0 0 0 0 0 0 0 0 0 0
80 80 90 80 80 80 80 80 80 80 80 80 80 91 80 80 80 80 80 80 80 80 80 80 0 0 0 0 0 0 0 0 0 0
80 80 80 80 80 90 80 80 80 80 91 80 80 80 80 80 80 80 80 80 80 80 80 80 0 0 0 0 0 0 0 0 0 0
80 80 80 83 80 80 80 80 80 80 80 80 83 80 80 80 80 80 80 80 80 80 80 80 0 0 0 0 0 0 0 0 0 0
80 80 80 84 80 80 93 80 80 92 80 80 84 80 80 80 80 80 80 80 80 80 80 80 0 0 0 0 0 0 0 0 0 0
80 80 80 85 86 88 88 87 86 86 86 86 89 80 80 80 80 80 80 80 80 80 80 80 7 7 7 7 7 7 10 11 11 11
81 81 81 81 81 81 81 81 81 81 81 81 81 81 81 81 81 81 80 80 80 80 80 80 1 1 1 1 1 1 1 1 1 1